a:-0.0018015571102473556,b:-317.1287266242679,x0:155.34761898602926,y0:-317.40859423181223,x1:67.85954482486383,y1:-317.2509794697453
a:0.15918875246738742,b:-286.57589326812683,x0:-193.91416786007102,y0:-317.44484773552307,x1:-280.92469122821603,y1:-331.29594440203255
a:-0.03703100041724555,b:3099.1091909815796,x0:877.9603667579428,y0:3066.597440273841,x1:1223.7443684564428,y1:3053.792712762667
