x0:3037.1846864184645,y0:327.7573608280536,x1:0.8634048671715953,y1:-0.5045116800871907,s:1008.8609708921776,ID:17.0
x0:2839.1071467227835,y0:447.34705695024223,x1:0.855705777430927,y1:-0.5174626773703903,s:1423.4268611676564,ID:5.0
x0:2403.423154469872,y0:-2797.2979980196933,x1:0.5268699606258926,y1:0.849945906861178,s:976.5206786883926,ID:0.0
