x0:-403.46241244539686,y0:562.4796391514602,x1:0.2785249567922539,y1:-0.960428991880125,ID:6.0
x0:-441.77095169947285,y0:703.2989590650469,x1:0.3161233129563514,y1:-0.9487181093483463,ID:58.0
x0:-949.044004255196,y0:-107.83820577984837,x1:0.1094660705906572,y1:-0.9939905328469892,ID:0.0
x0:-651.1505886219132,y0:-223.57884653564267,x1:0.9458723065975266,y1:0.3245390263310018,ID:465.0
