x0:852.4615608357831,y0:-45.75562217176757,x1:-0.030056059640041908,y1:-0.9995482145844262,ID:0.0
x0:-73.41169452578235,y0:463.77227648335383,x1:0.32667805733669913,y1:0.9451356764267871,ID:333.0
x0:154.52455468921514,y0:168.53030609101515,x1:-0.4131328411163378,y1:-0.910670772338249,ID:467.0
