x0:-155.06572059829597,y0:1587.444368252107,x1:0.9999966896453553,y1:-0.0025730717694513075,s:662.3428159799251,ID:44.0
x0:-431.98921266049643,y0:1591.4101671614908,x1:0.999950426383342,y1:-0.009957146969510045,s:936.7868993059545,ID:6.0
