a:-3.3089528062265936,b:2456.592927341044,x0:562.4638097856966,y0:595.4267255497622,x1:520.7821022011648,y1:721.7243255058925
a:-15.401066699083678,b:18401.29227719952,x0:1177.7150531497887,y0:263.2241911247491,x1:1184.6789833034934,y1:423.20173265122776
a:25.578985143952643,b:19165.0803831612,x0:-729.462315611595,y0:506.1746490589129,x1:-744.3013018895676,y1:107.3292690997878
a:-11.205211024450854,b:20129.879050107236,x0:1815.9790608716448,y0:-218.54954294362696,x1:1791.7227886366722,y1:31.51902092430528
