a:-20.554113648984067,b:26216.445687404914,x0:1252.5061247490105,y0:472.292453265139,x1:1221.8830581842142,y1:856.1926139148784
a:-11.690561223690501,b:21974.0555706672,x0:1917.5691721860337,y0:-443.40423743514043,x1:1895.6568376009595,y1:-178.0481790323329
a:-0.1114634138594193,b:1804.52324475598,x0:-102.33972338216364,y0:1815.9303796975846,x1:-853.6463461531297,y1:1903.3349457463892
