x0:13.429022933431279,y0:13.429022933431279,x1:0.9848299436810563,y1:-0.1735222810741252,ID:13
x0:270.87599188706423,y0:270.87599188706423,x1:0.7109257353532745,y1:-0.7032670892430599,ID:0
