a:0.22958673413954317,b:-269.5881186570946,x0:30.0790994858294,y0:-262.6823564402846,x1:-17.000635181169436,y1:-273.49123896663707
a:0.3120283054986431,b:-283.0723867603607,x0:384.6151797210446,y0:-163.0615639629471,x1:291.549031044122,y1:-192.10083663389202
a:0.34973557664370303,b:-259.6217387006337,x0:-220.55591108968108,y0:-336.7579874477606,x1:-323.452414854086,y1:-372.74455552642576
a:0.18435569990882208,b:3179.7621962502126,x0:-351.5934311986344,y0:3114.943943158244,x1:-85.870690243316,y1:3163.9314450487523
