x0:-156.62101751754045,y0:767.6812725705415,x1:0.9645377795899112,y1:0.26394482708279005,ID:118.0
x0:-12.74414252478302,y0:1364.0124824255277,x1:0.9890630888159023,y1:-0.1474930721828876,ID:69.0
x0:594.5371011088728,y0:1298.5730304434594,x1:0.9955009779897535,y1:-0.0947512681785556,ID:534.0
x0:-61.68709234128271,y0:-629.5997319691996,x1:-0.9971536968197765,y1:0.07539565583409485,ID:1548.0
