x0:-416.5194092407677,y0:1590.3608338127929,x1:0.9999528340672821,y1:-0.009712344763796255,s:903.6481890424776,ID:0
x0:806.6260912068575,y0:558.3147400744015,x1:0.010135751950493738,y1:0.9999486319468607,s:886.0569088263358,ID:1
x0:370.57447226387944,y0:-370.4734275307033,x1:0.9982370195658833,y1:0.05935362472690694,s:881.2421873700264,ID:2
x0:-719.813387283625,y0:-401.0544694767459,x1:0.00684674954013925,y1:0.9999765607356674,s:1979.53807132989,ID:3
